(474, 63.424)
(489, 63.457)
(451, 63.462)
(470, 63.488)
(522, 63.489)
(973, 63.489)
(991, 63.52)
(219, 63.521)
(507, 63.521)
(466, 63.552)
(475, 63.552)
(463, 63.584)
(496, 63.585)
(422, 63.616)
(457, 63.616)
(500, 63.617)
(420, 63.649)
(425, 63.649)
(487, 63.649)
(596, 63.649)
(530, 63.68)
(553, 63.68)
(624, 63.68)
(682, 63.68)
(499, 63.681)
(469, 63.682)
(472, 63.712)
(521, 63.712)
(583, 63.712)
(590, 63.712)
(592, 63.712)
(825, 63.712)
(582, 63.713)
(776, 63.713)
(876, 63.714)
(454, 63.744)
(567, 63.744)
(716, 63.744)
(793, 63.744)
(435, 63.745)
(468, 63.745)
(570, 63.745)
(580, 63.745)
(598, 63.745)
(1003, 63.749)
(594, 63.776)
(750, 63.776)
(838, 63.776)
(1008, 63.777)
(477, 63.777)
(562, 63.777)
(673, 63.777)
(931, 63.777)
(815, 63.778)
(944, 63.778)
(1020, 63.808)
(445, 63.808)
(483, 63.808)
(486, 63.808)
(518, 63.808)
(560, 63.808)
(564, 63.808)
(568, 63.808)
(588, 63.808)
(703, 63.808)
(742, 63.808)
(766, 63.808)
(879, 63.808)
(517, 63.809)
(531, 63.809)
(541, 63.809)
(546, 63.809)
(569, 63.809)
(571, 63.809)
(575, 63.809)
(577, 63.809)
(584, 63.809)
(589, 63.809)
(864, 63.81)
(343, 63.84)
(404, 63.84)
(523, 63.84)
(538, 63.84)
(559, 63.84)
(595, 63.84)
(670, 63.84)
(432, 63.841)
(484, 63.841)
(490, 63.841)
(493, 63.841)
(502, 63.841)
(503, 63.841)
(509, 63.841)
(524, 63.841)
(525, 63.841)
(532, 63.841)
(542, 63.841)
(586, 63.841)
(408, 63.842)
(25, 63.872)
(4, 63.872)
(436, 63.872)
(459, 63.872)
(462, 63.872)
(516, 63.872)
(533, 63.872)
(539, 63.872)
(550, 63.872)
(565, 63.872)
(599, 63.872)
(705, 63.872)
(725, 63.872)
(8, 63.872)
(983, 63.872)
(985, 63.872)
(495, 63.873)
(548, 63.873)
(561, 63.873)
(597, 63.873)
(869, 63.873)
(1021, 63.874)
(795, 63.874)
(429, 63.904)
(431, 63.904)
(446, 63.904)
(512, 63.904)
(519, 63.904)
(537, 63.904)
(558, 63.904)
(579, 63.904)
(86, 63.904)
(39, 63.905)
(421, 63.905)
(460, 63.905)
(506, 63.905)
(511, 63.905)
(520, 63.905)
(540, 63.905)
(585, 63.905)
(688, 63.905)
(718, 63.905)
(437, 63.906)
(504, 63.906)
(341, 63.936)
(449, 63.936)
(505, 63.936)
(535, 63.936)
(747, 63.936)
(989, 63.936)
(999, 63.936)
(300, 63.937)
(482, 63.937)
(527, 63.937)
(498, 63.938)
(501, 63.94)
(455, 63.968)
(473, 63.968)
(488, 63.968)
(529, 63.968)
(829, 63.968)
(479, 63.969)
(515, 63.969)
(549, 63.969)
(419, 64.0)
(428, 64.0)
(438, 64.0)
(480, 64.0)
(612, 64.0)
(433, 64.001)
(528, 64.001)
(552, 64.001)
(572, 64.001)
(485, 64.032)
(526, 64.032)
(534, 64.032)
(593, 64.032)
(339, 64.033)
(555, 64.033)
(450, 64.064)
(494, 64.064)
(621, 64.064)
(814, 64.064)
(881, 64.065)
(573, 64.066)
(467, 64.096)
(544, 64.096)
(591, 64.096)
(63, 64.096)
(941, 64.096)
(977, 64.096)
(563, 64.097)
(581, 64.097)
(631, 64.097)
(954, 64.097)
(427, 64.128)
(444, 64.128)
(578, 64.128)
(678, 64.128)
(443, 64.129)
(547, 64.129)
(773, 64.129)
(442, 64.13)
(464, 64.16)
(348, 64.161)
(545, 64.161)
(566, 64.161)
(400, 64.162)
(557, 64.162)
(465, 64.192)
(513, 64.192)
(426, 64.193)
(491, 64.193)
(492, 64.193)
(514, 64.224)
(536, 64.224)
(430, 64.256)
(543, 64.256)
(574, 64.256)
(452, 64.257)
(456, 64.288)
(497, 64.289)
(476, 64.32)
(424, 64.352)
(556, 64.352)
(21, 64.416)
(434, 64.448)
(423, 64.481)
(441, 64.481)
(551, 64.512)
(868, 64.512)
(478, 64.545)
(587, 64.545)
(458, 64.609)
(440, 64.737)
(481, 64.865)
(447, 64.896)
(576, 64.928)
(878, 64.93)
(510, 66.816)
(554, 69.377)
(508, 70.178)
(471, 70.272)
(461, 70.4)
(739, 72.608)
(921, 72.608)
(711, 72.832)
(333, 72.896)
(619, 72.934)
(401, 72.96)
(664, 72.96)
(803, 72.96)
(1007, 72.961)
(413, 72.961)
(416, 72.961)
(831, 72.961)
(833, 72.961)
(100, 72.993)
(730, 72.993)
(974, 72.993)
(822, 73.024)
(636, 73.025)
(669, 73.025)
(943, 73.025)
(671, 73.026)
(888, 73.026)
(1016, 73.056)
(70, 73.056)
(764, 73.056)
(923, 73.056)
(779, 73.057)
(836, 73.057)
(940, 73.057)
(614, 73.058)
(608, 73.088)
(980, 73.088)
(701, 73.089)
(848, 73.09)
(828, 73.12)
(898, 73.12)
(942, 73.12)
(16, 73.121)
(643, 73.121)
(649, 73.121)
(726, 73.121)
(748, 73.121)
(801, 73.121)
(817, 73.121)
(397, 73.122)
(642, 73.122)
(816, 73.122)
(1024, 73.152)
(331, 73.152)
(34, 73.152)
(606, 73.152)
(633, 73.152)
(732, 73.152)
(819, 73.152)
(874, 73.152)
(908, 73.152)
(928, 73.152)
(207, 73.153)
(260, 73.153)
(291, 73.153)
(388, 73.153)
(600, 73.153)
(648, 73.153)
(720, 73.153)
(906, 73.153)
(950, 73.153)
(979, 73.153)
(335, 73.154)
(840, 73.154)
(1015, 73.159)
(178, 73.184)
(181, 73.184)
(252, 73.184)
(411, 73.184)
(601, 73.184)
(676, 73.184)
(723, 73.184)
(835, 73.184)
(870, 73.184)
(89, 73.184)
(936, 73.184)
(957, 73.184)
(130, 73.185)
(662, 73.185)
(695, 73.185)
(714, 73.185)
(865, 73.185)
(982, 73.185)
(113, 73.216)
(125, 73.216)
(47, 73.216)
(710, 73.216)
(712, 73.216)
(763, 73.216)
(1009, 73.217)
(315, 73.217)
(357, 73.217)
(66, 73.217)
(666, 73.217)
(700, 73.217)
(798, 73.217)
(998, 73.217)
(27, 73.218)
(317, 73.218)
(791, 73.226)
(717, 73.248)
(738, 73.248)
(774, 73.248)
(830, 73.248)
(849, 73.248)
(964, 73.248)
(145, 73.249)
(675, 73.249)
(81, 73.249)
(259, 73.25)
(56, 73.25)
(1002, 73.28)
(834, 73.28)
(988, 73.28)
(186, 73.281)
(269, 73.281)
(657, 73.281)
(683, 73.281)
(744, 73.281)
(899, 73.281)
(394, 73.282)
(681, 73.312)
(685, 73.312)
(978, 73.312)
(992, 73.312)
(182, 73.313)
(61, 73.313)
(689, 73.313)
(702, 73.313)
(996, 73.313)
(346, 73.314)
(616, 73.314)
(660, 73.319)
(644, 73.344)
(755, 73.344)
(965, 73.344)
(823, 73.345)
(770, 73.35)
(920, 73.351)
(242, 73.353)
(196, 73.376)
(735, 73.376)
(407, 73.377)
(142, 73.378)
(690, 73.378)
(295, 73.408)
(332, 73.409)
(634, 73.409)
(699, 73.409)
(713, 73.409)
(966, 73.409)
(632, 73.44)
(704, 73.44)
(963, 73.44)
(172, 73.441)
(138, 73.449)
(625, 73.472)
(635, 73.473)
(873, 73.473)
(284, 73.474)
(1012, 73.504)
(304, 73.505)
(417, 73.505)
(345, 73.536)
(377, 73.536)
(976, 73.536)
(945, 73.568)
(1013, 73.569)
(231, 73.569)
(104, 73.632)
(272, 73.632)
(895, 73.632)
(13, 73.633)
(308, 73.633)
(381, 73.633)
(353, 73.665)
(51, 73.696)
(183, 73.697)
(708, 73.728)
(72, 73.728)
(195, 73.729)
(325, 73.762)
(453, 73.824)
(194, 73.856)
(26, 74.113)
(9, 74.114)
(274, 74.209)
(395, 74.24)
(117, 74.368)
(24, 74.4)
(320, 74.401)
(234, 74.498)
(103, 74.592)
(694, 74.688)
(623, 75.494)
(907, 75.521)
(630, 75.84)
(65, 75.841)
(971, 75.904)
(775, 75.905)
(785, 75.905)
(788, 75.905)
(6, 75.968)
(722, 75.968)
(154, 76.032)
(620, 76.032)
(867, 76.033)
(853, 76.034)
(312, 76.065)
(270, 76.096)
(282, 76.13)
(604, 76.193)
(41, 76.289)
(198, 76.32)
(355, 76.48)
(439, 76.578)
(858, 77.12)
(212, 77.472)
(615, 78.402)
(1011, 78.624)
(640, 78.656)
(170, 78.721)
(751, 79.234)
(731, 81.921)
(855, 82.08)
(905, 82.113)
(1018, 82.144)
(913, 82.145)
(967, 82.145)
(251, 82.176)
(937, 82.176)
(627, 82.178)
(882, 82.208)
(148, 82.209)
(861, 82.209)
(877, 82.209)
(911, 82.209)
(818, 82.21)
(410, 82.24)
(962, 82.24)
(1006, 82.241)
(362, 82.241)
(925, 82.241)
(930, 82.241)
(727, 82.272)
(892, 82.272)
(729, 82.273)
(778, 82.273)
(821, 82.273)
(843, 82.273)
(854, 82.273)
(926, 82.273)
(856, 82.274)
(375, 82.304)
(917, 82.304)
(618, 82.305)
(929, 82.305)
(938, 82.305)
(919, 82.311)
(677, 82.336)
(71, 82.336)
(715, 82.336)
(762, 82.336)
(872, 82.336)
(904, 82.336)
(912, 82.336)
(1010, 82.337)
(108, 82.337)
(891, 82.337)
(230, 82.338)
(1005, 82.368)
(909, 82.368)
(933, 82.368)
(1000, 82.369)
(626, 82.369)
(638, 82.369)
(728, 82.369)
(845, 82.369)
(863, 82.369)
(927, 82.369)
(1001, 82.4)
(402, 82.4)
(721, 82.4)
(107, 82.401)
(165, 82.401)
(652, 82.401)
(975, 82.401)
(800, 82.402)
(132, 82.432)
(76, 82.432)
(956, 82.432)
(1004, 82.433)
(1014, 82.433)
(265, 82.433)
(629, 82.433)
(781, 82.433)
(981, 82.433)
(754, 82.434)
(782, 82.434)
(228, 82.464)
(88, 82.464)
(889, 82.464)
(890, 82.464)
(934, 82.464)
(993, 82.464)
(997, 82.464)
(263, 82.465)
(364, 82.465)
(602, 82.465)
(946, 82.465)
(810, 82.466)
(918, 82.466)
(807, 82.471)
(827, 82.496)
(958, 82.496)
(1023, 82.497)
(118, 82.497)
(761, 82.497)
(191, 82.51)
(177, 82.528)
(737, 82.528)
(740, 82.528)
(78, 82.528)
(994, 82.528)
(143, 82.529)
(179, 82.529)
(654, 82.529)
(719, 82.529)
(783, 82.529)
(797, 82.529)
(886, 82.529)
(916, 82.529)
(953, 82.529)
(972, 82.529)
(261, 82.53)
(159, 82.56)
(227, 82.56)
(338, 82.56)
(743, 82.56)
(756, 82.56)
(1017, 82.561)
(168, 82.561)
(256, 82.561)
(52, 82.561)
(605, 82.561)
(692, 82.561)
(771, 82.561)
(914, 82.561)
(193, 82.562)
(765, 82.562)
(114, 82.592)
(133, 82.592)
(203, 82.592)
(233, 82.592)
(663, 82.592)
(897, 82.592)
(223, 82.593)
(661, 82.593)
(799, 82.593)
(832, 82.593)
(885, 82.593)
(236, 82.594)
(826, 82.594)
(135, 82.624)
(209, 82.624)
(278, 82.624)
(358, 82.624)
(382, 82.624)
(611, 82.624)
(802, 82.624)
(323, 82.625)
(607, 82.625)
(665, 82.625)
(792, 82.626)
(155, 82.656)
(22, 82.656)
(367, 82.656)
(812, 82.656)
(947, 82.656)
(134, 82.657)
(280, 82.657)
(319, 82.657)
(352, 82.657)
(687, 82.657)
(784, 82.657)
(786, 82.657)
(286, 82.658)
(680, 82.658)
(806, 82.658)
(313, 82.688)
(709, 82.688)
(741, 82.688)
(28, 82.689)
(301, 82.689)
(684, 82.69)
(645, 82.695)
(884, 82.72)
(156, 82.721)
(641, 82.721)
(651, 82.721)
(850, 82.721)
(932, 82.721)
(969, 82.722)
(1019, 82.752)
(296, 82.752)
(302, 82.752)
(140, 82.753)
(757, 82.753)
(922, 82.753)
(603, 82.784)
(655, 82.784)
(161, 82.785)
(95, 82.785)
(129, 82.786)
(772, 82.816)
(262, 82.817)
(340, 82.817)
(393, 82.817)
(60, 82.817)
(67, 82.817)
(987, 82.817)
(214, 82.818)
(321, 82.818)
(385, 82.818)
(686, 82.848)
(326, 82.849)
(36, 82.849)
(271, 82.881)
(38, 82.882)
(224, 82.912)
(318, 82.912)
(73, 82.912)
(82, 82.912)
(955, 82.912)
(77, 82.913)
(949, 82.913)
(200, 82.914)
(839, 82.914)
(213, 82.944)
(276, 82.944)
(679, 82.944)
(804, 82.944)
(893, 82.944)
(959, 82.944)
(173, 82.946)
(288, 82.946)
(866, 82.946)
(217, 82.977)
(264, 83.009)
(628, 83.041)
(141, 83.072)
(160, 83.106)
(106, 83.137)
(171, 83.202)
(102, 83.233)
(127, 83.36)
(14, 83.458)
(176, 83.52)
(216, 83.521)
(19, 83.553)
(360, 83.585)
(378, 83.585)
(175, 83.586)
(15, 83.617)
(151, 83.617)
(968, 83.648)
(119, 83.649)
(75, 83.68)
(903, 83.68)
(105, 83.681)
(380, 83.681)
(237, 83.713)
(111, 83.744)
(292, 83.745)
(258, 83.776)
(324, 83.776)
(44, 83.776)
(122, 83.777)
(128, 83.777)
(62, 83.778)
(255, 83.809)
(307, 83.809)
(298, 83.81)
(330, 83.841)
(110, 83.842)
(232, 83.842)
(667, 83.872)
(372, 83.904)
(306, 83.936)
(351, 83.937)
(303, 84.002)
(347, 84.064)
(310, 84.065)
(414, 84.065)
(249, 84.13)
(901, 84.257)
(311, 84.711)
(415, 84.832)
(226, 85.024)
(758, 85.088)
(617, 85.096)
(354, 85.121)
(794, 85.152)
(656, 85.153)
(254, 85.184)
(859, 85.184)
(862, 85.184)
(698, 85.191)
(674, 85.216)
(894, 85.216)
(247, 85.217)
(824, 85.249)
(57, 85.25)
(257, 85.28)
(294, 85.281)
(314, 85.281)
(883, 85.281)
(94, 85.281)
(189, 85.282)
(206, 85.282)
(221, 85.312)
(622, 85.313)
(609, 85.314)
(951, 85.314)
(163, 85.345)
(745, 85.345)
(780, 85.345)
(190, 85.346)
(297, 85.346)
(20, 85.376)
(787, 85.377)
(112, 85.378)
(250, 85.378)
(48, 85.408)
(847, 85.408)
(880, 85.408)
(1022, 85.409)
(99, 85.41)
(777, 85.44)
(10, 85.441)
(164, 85.441)
(753, 85.441)
(960, 85.441)
(68, 85.472)
(336, 85.473)
(45, 85.473)
(697, 85.473)
(101, 85.504)
(153, 85.504)
(54, 85.504)
(896, 85.504)
(109, 85.505)
(734, 85.505)
(201, 85.506)
(767, 85.536)
(672, 85.537)
(64, 85.568)
(759, 85.569)
(157, 85.57)
(668, 85.602)
(215, 85.664)
(691, 85.664)
(724, 85.664)
(384, 85.696)
(3, 85.729)
(136, 85.762)
(149, 85.793)
(796, 85.793)
(746, 85.856)
(266, 86.338)
(192, 86.465)
(30, 86.498)
(283, 86.592)
(139, 86.688)
(279, 86.69)
(17, 86.849)
(11, 87.329)
(184, 87.552)
(706, 87.553)
(123, 87.744)
(935, 87.746)
(31, 87.809)
(990, 88.0)
(952, 88.002)
(871, 88.065)
(749, 88.066)
(58, 88.138)
(768, 88.16)
(169, 88.192)
(350, 88.192)
(860, 88.193)
(610, 88.226)
(12, 88.256)
(405, 88.256)
(707, 88.289)
(857, 88.289)
(359, 88.673)
(7, 90.625)
(448, 90.721)
(222, 90.817)
(736, 90.977)
(613, 91.041)
(293, 91.296)
(647, 91.52)
(637, 91.585)
(811, 91.616)
(37, 91.617)
(146, 91.618)
(841, 91.618)
(150, 91.68)
(277, 91.682)
(658, 91.712)
(241, 91.713)
(43, 91.745)
(185, 91.777)
(238, 91.777)
(844, 91.777)
(80, 91.778)
(53, 91.808)
(995, 91.808)
(733, 91.809)
(147, 91.841)
(391, 91.841)
(93, 91.841)
(837, 91.873)
(418, 91.904)
(924, 91.904)
(399, 91.905)
(365, 91.937)
(379, 91.938)
(986, 91.97)
(199, 92.0)
(220, 92.001)
(970, 92.001)
(281, 92.002)
(900, 92.002)
(363, 92.032)
(152, 92.033)
(406, 92.033)
(289, 92.064)
(59, 92.064)
(158, 92.065)
(40, 92.065)
(121, 92.066)
(820, 92.066)
(366, 92.097)
(131, 92.128)
(760, 92.128)
(49, 92.129)
(387, 92.16)
(96, 92.16)
(813, 92.256)
(398, 92.258)
(205, 92.322)
(42, 92.353)
(137, 92.416)
(97, 92.448)
(322, 92.481)
(268, 92.8)
(374, 92.833)
(18, 92.865)
(371, 92.928)
(243, 92.962)
(356, 93.024)
(386, 93.056)
(396, 93.057)
(92, 93.057)
(305, 93.067)
(85, 93.12)
(87, 93.12)
(204, 93.154)
(120, 93.185)
(218, 93.344)
(275, 93.76)
(225, 94.177)
(32, 94.241)
(202, 94.273)
(98, 94.4)
(961, 94.433)
(948, 94.464)
(188, 94.465)
(368, 94.465)
(328, 94.466)
(693, 94.496)
(887, 94.497)
(50, 94.56)
(846, 94.56)
(875, 94.592)
(984, 94.592)
(659, 94.594)
(248, 94.625)
(290, 94.656)
(646, 94.689)
(84, 94.689)
(29, 94.752)
(696, 94.754)
(369, 94.848)
(74, 94.849)
(409, 94.881)
(316, 95.265)
(309, 95.361)
(392, 96.096)
(55, 96.769)
(376, 96.832)
(789, 96.993)
(124, 97.024)
(116, 97.185)
(650, 97.185)
(403, 97.217)
(210, 97.281)
(327, 97.281)
(46, 97.504)
(342, 97.505)
(91, 97.537)
(197, 97.6)
(245, 97.664)
(167, 98.081)
(174, 98.369)
(115, 98.4)
(361, 98.434)
(285, 98.528)
(239, 98.592)
(162, 98.818)
(229, 98.849)
(639, 99.552)
(915, 99.713)
(805, 99.808)
(902, 99.84)
(752, 99.904)
(334, 99.905)
(808, 99.906)
(79, 99.968)
(344, 99.97)
(769, 100.1)
(851, 100.1)
(910, 100.13)
(180, 100.23)
(69, 100.26)
(329, 100.29)
(809, 100.29)
(144, 100.35)
(852, 100.46)
(299, 101.06)
(35, 101.06)
(83, 101.06)
(126, 101.09)
(349, 101.15)
(287, 101.28)
(370, 101.54)
(235, 101.82)
(267, 102.56)
(939, 103.49)
(273, 104.0)
(246, 104.96)
(244, 106.15)
(208, 106.31)
(653, 106.47)
(373, 106.5)
(383, 106.56)
(790, 106.66)
(412, 106.72)
(5, 106.72)
(166, 106.79)
(33, 106.82)
(337, 107.17)
(253, 108.19)
(23, 109.15)
(240, 109.19)
(187, 109.35)
(90, 109.35)
(390, 109.92)
(389, 114.72)
(211, 116.03)
(2, 121.57)
(842, 125.41)
(1, 242.34)
